parsing dataset...  /home/art/Temp/covid_research/latest.csv
dataset 0: ['11/01/2020', 'MI', '178180', '7340']
parsed points 55
{'03/25/2020': 329433166, '04/01/2020': 329459499, '04/05/2020': 329476690, '04/10/2020': 329498178, '04/15/2020': 329519667, '04/20/2020': 329541155, '04/25/2020': 329562644, '05/01/2020': 329588430, '05/05/2020': 329606219, '05/10/2020': 329628455, '05/15/2020': 329650692, '05/20/2020': 329672928, '05/25/2020': 329695164, '06/01/2020': 329726295, '06/05/2020': 329746456, '06/10/2020': 329771658, '06/15/2020': 329796860, '06/20/2020': 329822061, '06/25/2020': 329847263, '07/01/2020': 329877505, '07/05/2020': 329899443, '07/10/2020': 329926866, '07/15/2020': 329954289, '07/20/2020': 329981711, '07/25/2020': 330009134, '08/01/2020': 330047526, '08/05/2020': 330069263, '08/10/2020': 330096434, '08/15/2020': 330123605, '08/20/2020': 330150776, '08/25/2020': 330177947, '09/01/2020': 330215986, '09/05/2020': 330238125, '09/10/2020': 330265798, '09/15/2020': 330293471, '09/20/2020': 330321145, '09/25/2020': 330348818, '10/01/2020': 330382026, '10/05/2020': 330400989, '10/10/2020': 330424693, '10/15/2020': 330448397, '10/20/2020': 330472101, '10/25/2020': 330495805, '11/01/2020': 330528990, '11/05/2020': 330546051, '11/10/2020': 330567378, '11/15/2020': 330588705, '11/20/2020': 330610031, '11/25/2020': 330631358, '12/01/2020': 330656950, '12/05/2020': 330671932, '12/10/2020': 330690661, '12/15/2020': 330709389, '12/20/2020': 330728117, '12/25/2020': 330746845}
population points parsed 55
------------------------
raw population
set [329433166, 329459499, 329476690, 329498178, 329519667, 329541155, 329562644, 329588430, 329606219, 329628455, 329650692, 329672928, 329695164, 329726295, 329746456, 329771658, 329796860, 329822061, 329847263, 329877505, 329899443, 329926866, 329954289, 329981711, 330009134, 330047526, 330069263, 330096434, 330123605, 330150776, 330177947, 330215986, 330238125, 330265798, 330293471, 330321145, 330348818, 330382026, 330400989, 330424693, 330448397, 330472101, 330495805, 330528990, 330546051, 330567378, 330588705, 330610031, 330631358, 330656950, 330671932, 330690661, 330709389, 330728117, 330746845]
mean 330097122.54545456
median 330096434
variance 167669777241.28955
stdev 409475.001973612
iqr 723873.5
skew -0.00686176296144849
kurtosis -1.320595272684954
entropy 4.007332429838021
------------------------
raw cases
set [504, 1584, 2585, 3908, 130619, 326443, 436615, 515576, 561470, 625946, 680173, 732398, 784045, 849940, 886338, 929645, 975503, 1038759, 1104655, 1205765, 1284999, 1388488, 1503448, 1626670, 1756264, 1925549, 2000485, 2102576, 2197800, 2276011, 2358032, 2475466, 2550763, 2616739, 2699039, 2792140, 2879397, 2988233, 3066371, 3182475, 3305166, 3440605, 3606521, 3867726, 4052847, 4346956, 4694410, 5075047, 5420314, 5834653, 6170432, 6574954, 6997693, 7386553, 7708482]
mean 2471741.3636363638
median 2102576
variance 4186303705038.051
stdev 2046045.8707072162
iqr 2504746.5
skew 0.9341905556967263
kurtosis 0.06639744997729036
entropy 3.666836332729437
------------------------
raw death
set [1, 9, 31, 74, 7672, 18652, 25705, 31842, 34182, 38446, 42034, 44858, 47415, 50655, 52305, 54055, 55495, 57050, 58432, 60491, 61192, 62810, 64192, 65743, 68034, 70771, 72072, 73367, 75444, 77204, 78780, 81236, 82689, 83918, 85415, 86785, 88414, 90009, 90909, 92432, 93699, 95094, 96895, 99417, 101196, 103238, 105859, 109352, 112452, 115881, 119987, 124411, 128753, 133790, 138161]
mean 71072.81818181818
median 73367
variance 1249496809.2996633
stdev 35348.222151894195
iqr 42916.5
skew -0.3060176484582282
kurtosis -0.42979857608571104
entropy 3.8482767378951026
------------------------
raw recovery
set [503, 1575, 2554, 3834, 122947, 307791, 410910, 483734, 527288, 587500, 638139, 687540, 736630, 799285, 834033, 875590, 920008, 981709, 1046223, 1145274, 1223807, 1325678, 1439256, 1560927, 1688230, 1854778, 1928413, 2029209, 2122356, 2198807, 2279252, 2394230, 2468074, 2532821, 2613624, 2705355, 2790983, 2898224, 2975462, 3090043, 3211467, 3345511, 3509626, 3768309, 3951651, 4243718, 4588551, 4965695, 5307862, 5718772, 6050445, 6450543, 6868940, 7252763, 7570321]
mean 2400668.5454545454
median 2029209
variance 4052859340746.1416
stdev 2013171.463325005
iqr 2461830.0
skew 0.9511681650211169
kurtosis 0.08993617543503785
entropy 3.65936690395933
-
------------------------
diff population
set [26333, 26333, 17191, 21488, 21489, 21488, 21489, 25786, 17789, 22236, 22237, 22236, 22236, 31131, 20161, 25202, 25202, 25201, 25202, 30242, 21938, 27423, 27423, 27422, 27423, 38392, 21737, 27171, 27171, 27171, 27171, 38039, 22139, 27673, 27673, 27674, 27673, 33208, 18963, 23704, 23704, 23704, 23704, 33185, 17061, 21327, 21327, 21326, 21327, 25592, 14982, 18729, 18728, 18728, 18728]
mean 24363.854545454546
median 23704
variance 23416297.57104377
stdev 4839.038909850155
iqr 5889.0
skew 0.7377487846220161
kurtosis 0.8315580599977577
entropy 3.988495163766121
------------------------
diff cases
set [504, 1080, 1001, 1323, 126711, 195824, 110172, 78961, 45894, 64476, 54227, 52225, 51647, 65895, 36398, 43307, 45858, 63256, 65896, 101110, 79234, 103489, 114960, 123222, 129594, 169285, 74936, 102091, 95224, 78211, 82021, 117434, 75297, 65976, 82300, 93101, 87257, 108836, 78138, 116104, 122691, 135439, 165916, 261205, 185121, 294109, 347454, 380637, 345267, 414339, 335779, 404522, 422739, 388860, 321929]
mean 140154.21818181817
median 101110
variance 14049350992.76633
stdev 118529.9582078992
iqr 101705.0
skew 1.1964163469696398
kurtosis 0.19034884828041676
entropy 3.684840768599429
------------------------
diff death
set [1, 8, 22, 43, 7598, 10980, 7053, 6137, 2340, 4264, 3588, 2824, 2557, 3240, 1650, 1750, 1440, 1555, 1382, 2059, 701, 1618, 1382, 1551, 2291, 2737, 1301, 1295, 2077, 1760, 1576, 2456, 1453, 1229, 1497, 1370, 1629, 1595, 900, 1523, 1267, 1395, 1801, 2522, 1779, 2042, 2621, 3493, 3100, 3429, 4106, 4424, 4342, 5037, 4371]
mean 2512.018181818182
median 1779
variance 3941166.1663299664
stdev 1985.2370554495417
iqr 1752.5
skew 1.9859629751242618
kurtosis 5.141060944218374
entropy 3.740178514729265
------------------------
diff recovery
set [503, 1072, 979, 1280, 119113, 184844, 103119, 72824, 43554, 60212, 50639, 49401, 49090, 62655, 34748, 41557, 44418, 61701, 64514, 99051, 78533, 101871, 113578, 121671, 127303, 166548, 73635, 100796, 93147, 76451, 80445, 114978, 73844, 64747, 80803, 91731, 85628, 107241, 77238, 114581, 121424, 134044, 164115, 258683, 183342, 292067, 344833, 377144, 342167, 410910, 331673, 400098, 418397, 383823, 317558]
mean 137642.2
median 99051
variance 13855765054.681482
stdev 117710.51378140137
iqr 101747.0
skew 1.2049248262270231
kurtosis 0.19988638423240124
entropy 3.6786573530091986
-
------------------------
diff norm population
set [162.27445886522005, 162.27445886522005, 131.11445381802878, 146.58785761446956, 146.59126849850233, 146.58785761446956, 146.59126849850233, 160.5801980320114, 133.37541002748594, 149.1174034108695, 149.12075643584967, 149.1174034108695, 149.1174034108695, 176.43979143039135, 141.98943622678414, 158.75137794677562, 158.75137794677562, 158.74822833657075, 158.75137794677562, 173.90227140552247, 148.11482032531384, 165.598913039911, 165.598913039911, 165.59589366889506, 165.598913039911, 195.9387659448737, 147.4347313220328, 164.83628241379384, 164.83628241379384, 164.83628241379384, 164.83628241379384, 195.03589413233658, 148.79180084937477, 166.35203635663737, 166.35203635663737, 166.35504200354134, 166.35203635663737, 182.23062311258226, 137.706209010342, 153.96103403134185, 153.96103403134185, 153.96103403134185, 153.96103403134185, 182.16750533506243, 130.61776295741709, 146.03766637412417, 146.03766637412417, 146.03424255975034, 146.03766637412417, 159.97499804656977, 122.40098038823055, 136.85393673548452, 136.85028315644803, 136.85028315644803, 136.85028315644803]
mean 155.35896779446682
median 153.96103403134185
variance 231.65762816815064
stdev 15.2203031562499
iqr 18.903326047047585
skew 0.4273405558409329
kurtosis 0.3336978066945444
entropy 4.002663273327488
------------------------
diff norm cases
set [22.44994432064365, 32.863353450309965, 31.63858403911275, 36.373066958946424, 355.9648859087087, 442.52005604266117, 331.92167750841463, 281.0, 214.22884959780743, 253.92124763398593, 232.86691478181265, 228.52789764052878, 227.25976326661964, 256.7002142577992, 190.78259878720596, 208.1033397137105, 214.14481081735323, 251.50745515789387, 256.70216204777086, 317.97798665945413, 281.48534597737057, 321.69706246716026, 339.0575172444935, 351.0299132552666, 359.9916665702138, 411.44258408677143, 273.7444063355451, 319.51682271830384, 308.58386218336176, 279.66229635043766, 286.3930865087354, 342.6864456029739, 274.4029883219204, 256.85793738952276, 286.87976575562107, 305.1245647272602, 295.39295861614573, 329.90301605168753, 279.5317513271077, 340.7403703701691, 350.27275086709216, 368.02037987046316, 407.3278777594286, 511.08218517181757, 430.2569000027774, 542.3181722937192, 589.4522881455292, 616.9578591767837, 587.5942477594551, 643.6916963888846, 579.4644078802424, 636.0204399231208, 650.1838201616524, 623.5864013911785, 567.387874385768]
mean 340.6399358477949
median 317.97798665945413
variance 24565.293996454795
stdev 156.73319366507783
iqr 152.68404277031505
skew 0.29302140660294385
kurtosis -0.10226695148646536
entropy 3.8923874229137847
------------------------
diff norm death
set [1.0, 2.8284271247461903, 4.69041575982343, 6.557438524302, 87.16650732936361, 104.78549517943789, 83.98214095865859, 78.33900688673555, 48.373546489791295, 65.29931086925804, 59.89991652748775, 53.14132102234569, 50.566787519082126, 56.92099788303083, 40.620192023179804, 41.83300132670378, 37.94733192202055, 39.433488306260706, 37.17526059088221, 45.37620521815371, 26.476404589747453, 40.22437072223753, 37.17526059088221, 39.382737335030434, 47.86439177509728, 52.316345438113316, 36.069377593742864, 35.98610843089316, 45.574115460423364, 41.95235392680606, 39.698866482558415, 49.558046773455466, 38.118237105091836, 35.05709628591621, 38.691084244306204, 37.013511046643494, 40.36087214122113, 39.93745109543172, 30.0, 39.02563260217571, 35.59494346111537, 37.3496987939662, 42.43819034784589, 50.21951811795888, 42.17819341792628, 45.18849411078001, 51.19570294468082, 59.10160742314882, 55.67764362830022, 58.557663887829406, 64.07807737440318, 66.51315659326356, 65.89385403814228, 70.97182539571601, 66.11353870426238]
mean 46.318021151643215
median 42.17819341792628
variance 373.4490817180785
stdev 19.324830703477804
iqr 18.650805397672144
skew 0.20719021943492985
kurtosis 1.3735631356219056
entropy 3.907598087921142
------------------------
diff norm recovery
set [22.427661492005804, 32.7414110874898, 31.28897569432403, 35.77708763999664, 345.12751266741975, 429.9348787898, 321.12147234341086, 269.859222558726, 208.69595108674247, 245.381335883559, 225.03110896051683, 222.2633573038975, 221.56263222845138, 250.30980803795924, 186.40815432807653, 203.85534086699815, 210.75578283881086, 248.39685988353395, 253.99606296161363, 314.72368833629287, 280.2373993598999, 319.17236722498393, 337.013352851189, 348.8137038592377, 356.7954596123667, 408.10292819336644, 271.3576975138166, 317.483857857372, 305.19993446919347, 276.4977395929305, 283.62827785677507, 339.0840603744151, 271.7425251961864, 254.45431810051878, 284.2586850036424, 302.87125977880436, 292.62262386903717, 327.476716729602, 277.9172538724431, 338.4981536138713, 348.45946679635495, 366.12019884185577, 405.11109587371215, 508.60888706352745, 428.1845396555088, 540.4322344198207, 587.2248291753339, 614.1205093464963, 584.9504252498668, 641.0226205057041, 575.9105833373789, 632.5330030915383, 646.8361461761394, 619.5345026711587, 563.5228478065463]
mean 337.0083365441858
median 314.72368833629287
variance 24513.27704601192
stdev 156.5671646483129
iqr 154.4540765337528
skew 0.314636733145685
kurtosis -0.12458992523673595
entropy 3.890640711600513
---
pearson
diff (0.4197166493293147, 0.0014231516367902985)
norm diff (0.6130969332813124, 6.492492243894816e-07)

Process finished with exit code 0
